0 0 0   0 0 0   1 0 0  0 0 0
0 0 0   2 0 0   0 0 0  0 0 0
0 0 0   0 0 0   0 0 0  1 0 0
0 0 0   10 0 0  1 0 0 11 0 0
60 0 0   10 0 0  61 0 0 11 0 0
89 0 0  0 0 0  89 0 0  1 0 0
42 54 17.4 -112 43 56.7  -23 0 0.0 -100 0 10.0
14 20 0  25 14 8.33  -23 0 10.0 -100 0 1.0
0 0 0 180 0 0    90 0 0  0 0 0 
0 0 0 0 0 0    45 0 0  45 0 0 
0 0 0 0 0 0   0 0 1 0 0 0
92 54 17.4 -112 43 56.7  -23 0 0.0 -100 0 0.0
43 63 17.4 -112 43 156.7  -23 0 0.0 -100 0 70.0
42 54 17.4 -190 43 56.7  -23 0 0.0 -100 0 0.0
42 54 17.4 -112 822 56.7  -23 0 0.0 -100 0 0.0
42 54 17.4 -112 43 56.7  -23 -40 0.0 -100 0 0.0
